50000Iter: [7.76167774e+01 3.58727289e-01 3.47542389e-01 1.51231290e+01 8.90096319e+00 5.56124521e+01 2.54726856e-02
50000Iter2: [71.82513778303206, 0.050761152510610974, 0.8834505465755964, 1.0220684683369796, 11.94926196965117, 71.72980026850134, 0.4882199951949199, 0.060706071023607276, 0.19729079315744208, 0.8368068397379953, -0.32574812148753884, 0.8654405975390391]
100Accepted: [39.63129456150592, 0.05985772355670226, 0.9218550443977793, 3.558517560557939, 1.9117911874008233, 0.011099270505356501, 0.40357413751532883, 0.07440574130118949, 0.13602303329945353, -1.3353815375682851, -0.07070314962221005, 0.28928909662739266]
1000Accepted: [38.739228988257686, 0.061499822608251126, 0.9365009259712879, 5.624510223279768, 0.4080087316171808, 0.01456814858863974, 0.9937520424821779, -0.008153814571949866, -0.03710397822104027, -0.43128311512096223, -0.4078773465584773, -0.061596558352577685]

2000AcceptedCalibrate: [55.17451369848777, 0.005389646705566491, 0.99437676259833, 0.10712345612617218, 2.168170548257755, 0.003350220051201894, 0.011215665478461513, 0.0011215665478461513, 0.0011215665478461513, 0.0056078327392307566, 0.0056078327392307566, 0.0056078327392307566]

Usual1500Accepted: [16.141634563886832, 0.09851277121069116, 0.8995013747560058, 15.893835235307, 5.301003802879462, 0.004785848915503873, 0.643203654216823, 0.00971500699633309, -0.030322615704477904, 0.88462743277256, 0.9250641294037838, -0.22382103352299787]

Short10000Accepted: [16.895461828196282, 0.1022990289459837, 0.8971649951980729, 14.760357505944715, 0.9434984039427153, 0.011925193083323892, 0.019380669946781493, 0.001938066994678149, 0.001938066994678149, 0.009690334973390747, 0.009690334973390747, 0.009690334973390747]

Long10000Accepted: [16.646733886900538, 0.08660562408858868, 0.9120934798434576, 16.901434323089852, 3.2613643988246017, 0.011416735080959032, 0.043473422174314755, 0.0021736711087157372, 0.0021736711087157372, 0.010868355543578689, 0.010868355543578689, 0.010868355543578689]

Last1: [75.40087436844543, 0.00015963833255259124, 0.9985846709754354, 4.275818725422757, 0.8259469764048755, 0.002103507809480271]


